-0.214286
0.166667
-0.190476
0.428571
0.000000
-0.095238
-0.190476
0.035714
-0.202381
-0.095238
0.392857
-0.273810
-0.214286
0.345238
-0.107143
0.297619
-0.190476
0.440476
0.535714
-0.119048
0.130952
0.190476
-0.154762
-0.095238
0.464286
0.226190
0.583333
-0.250000
-0.095238
0.095238
0.321429
-0.095238
-0.047619
-0.107143
0.011905
0.202381
-0.273810
-0.119048
-0.011905
-0.107143
0.226190
0.226190
0.226190
-0.071429
0.035714
0.047619
0.166667
0.321429
-0.535714
0.035714
0.357143
0.273810
0.202381
-0.023810
-0.357143
-0.107143
-0.071429
-0.154762
0.083333
0.333333
-0.476190
0.142857
0.226190
0.178571
-0.011905
0.107143
-0.166667
-0.142857
-0.392857
-0.261905
0.035714
-0.107143
0.273810
0.238095
0.095238
-0.202381
0.000000
0.166667
0.023810
-0.130952
0.071429
0.273810
0.107143
0.130952
0.238095
-0.023810
0.464286
0.476190
0.261905
0.297619
0.190476
-0.083333
0.095238
-0.059524
0.119048
0.226190
-0.107143
-0.261905
-0.226190
-0.250000
0.047619
0.023810
-0.059524
-0.214286
0.095238
-0.166667
0.023810
-0.107143
0.392857
0.535714
-0.119048
-0.035714
0.059524
0.083333
-0.095238
0.416667
0.261905
0.119048
-0.083333
-0.238095
-0.047619
-0.071429
-0.071429
0.000000
-0.119048
0.154762
0.142857
0.107143
0.226190
-0.071429
-0.178571
0.333333
0.345238
0.023810
0.214286
-0.166667
-0.440476
-0.321429
-0.011905
-0.345238
0.285714
-0.130952
0.452381
0.404762
-0.130952
0.488095
0.202381
0.440476
-0.035714
-0.119048
-0.142857
-0.071429
0.202381
-0.416667
-0.238095
-0.297619
0.511905
-0.107143
-0.238095
0.273810
-0.011905
-0.035714
-0.166667
-0.095238
-0.178571
0.107143
0.202381
0.142857
0.000000
-0.297619
-0.023810
0.202381
0.095238
0.214286
-0.130952
0.119048
0.535714
0.011905
-0.071429
-0.214286
-0.071429
-0.083333
0.071429
0.107143
0.011905
0.011905
-0.357143
-0.011905
0.071429
-0.345238
0.071429
0.059524
0.011905
0.261905
0.547619
0.095238
0.428571
0.107143
-0.107143
-0.250000
0.011905
0.130952
-0.154762
0.178571
-0.285714
0.440476
-0.309524
-0.273810
0.214286
0.285714
-0.059524
-0.035714
0.035714
0.130952
0.238095
-0.095238
0.238095
-0.202381
-0.047619
-0.083333
-0.250000
-0.309524
0.428571
-0.035714
0.130952
0.345238
0.488095
-0.226190
0.285714
0.035714
-0.238095
0.119048
0.083333
-0.166667
-0.261905
-0.285714
-0.357143
-0.083333
0.309524
-0.250000
0.095238
0.630952
0.190476
0.154762
-0.011905
0.345238
0.583333
0.452381
0.285714
-0.154762
0.047619
0.357143
0.190476
0.059524
0.166667
0.166667
-0.071429
0.285714
-0.047619
-0.142857
0.285714
0.476190
0.440476
0.083333
-0.071429
0.154762
0.404762
0.214286
0.250000
-0.107143
-0.023810
-0.023810
-0.035714
0.023810
0.107143
0.047619
-0.202381
0.095238
0.321429
0.416667
-0.047619
-0.059524
0.345238
0.142857
0.500000
-0.023810
0.190476
0.214286
0.047619
-0.083333
-0.190476
0.369048
0.202381
-0.023810
-0.083333
0.571429
0.202381
0.250000
0.547619
0.416667
0.285714
0.000000
0.309524
0.297619
0.083333
-0.095238
0.083333
0.238095
0.154762
0.404762
0.333333
0.130952
0.166667
0.345238
0.226190
-0.107143
0.214286
-0.119048
0.559524
0.178571
-0.309524
0.202381
0.095238
0.261905
-0.083333
0.630952
0.333333
0.250000
-0.095238
0.369048
0.297619
0.476190
-0.047619
0.392857
0.357143
0.380952
0.309524
0.261905
-0.166667
0.464286
0.428571
0.392857
0.202381
0.071429
0.476190
0.190476
0.142857
0.226190
0.107143
0.369048
0.809524
-0.035714
0.000000
-0.035714
0.071429
0.023810
0.000000
0.047619
0.023810
0.595238
0.166667
-0.083333
0.000000
0.190476
-0.059524
0.559524
0.000000
0.083333
0.464286
0.250000
0.035714
0.059524
0.452381
0.011905
-0.119048
0.642857
0.238095
-0.166667
0.035714
-0.059524
0.238095
0.238095
-0.476190
-0.047619
0.142857
0.190476
0.464286
0.392857
0.107143
0.345238
0.190476
0.095238
0.011905
0.035714
0.309524
-0.321429
0.119048
0.285714
0.035714
0.035714
0.261905
0.321429
-0.047619
-0.107143
0.047619
-0.107143
-0.178571
0.214286
0.011905
0.202381
-0.095238
0.226190
-0.500000
-0.011905
0.226190
-0.261905
0.452381
0.428571
0.214286
0.071429
-0.178571
0.190476
0.345238
0.571429
0.750000
0.190476
0.583333
-0.059524
0.130952
0.178571
0.083333
-0.309524
-0.333333
0.297619
-0.166667
0.416667
0.154762
-0.333333
0.392857
-0.059524
0.011905
-0.261905
-0.107143
-0.226190
0.178571
-0.190476
-0.083333
-0.190476
0.190476
-0.273810
0.309524
0.535714
0.166667
-0.321429
0.047619
-0.059524
0.261905
0.142857
-0.047619
0.059524
0.166667
0.071429
0.190476
0.226190
0.083333
0.154762
0.035714
-0.309524
-0.107143
-0.345238
0.142857
-0.309524
0.095238
0.000000
0.238095
-0.178571
0.202381
0.142857
-0.119048
0.452381
0.345238
-0.071429
0.392857
-0.083333
0.083333
-0.154762
0.047619
0.511905
0.190476
0.166667
0.595238
-0.130952
0.107143
-0.142857
0.047619
0.047619
-0.261905
0.226190
0.226190
-0.071429
-0.273810
0.166667
0.250000
-0.011905
-0.226190
0.047619
-0.071429
-0.130952
0.523810
-0.190476
-0.023810
-0.178571
0.178571
-0.130952
-0.047619
-0.178571
-0.142857
-0.261905
0.321429
-0.369048
-0.273810
-0.166667
0.083333
0.000000
-0.119048
-0.023810
0.238095
-0.059524
0.309524
0.000000
0.250000
-0.178571
0.047619
-0.119048
0.202381
0.178571
-0.107143
0.261905
-0.380952
0.392857
0.297619
0.011905
-0.130952
0.511905
-0.107143
0.297619
0.416667
-0.357143
0.369048
0.488095
-0.190476
0.130952
0.226190
-0.107143
-0.273810
-0.166667
0.035714
0.476190
0.107143
-0.095238
0.035714
-0.380952
0.345238
0.000000
-0.202381
-0.023810
-0.107143
0.190476
-0.142857
0.142857
0.166667
0.440476
0.297619
-0.357143
-0.119048
0.250000
-0.071429
-0.452381
-0.595238
0.023810
0.250000
-0.226190
-0.095238
0.416667
-0.023810
-0.273810
-0.107143
-0.023810
-0.214286
-0.047619
0.202381
-0.142857
-0.011905
0.202381
-0.107143
0.059524
-0.059524
0.083333
-0.011905
-0.273810
-0.023810
-0.380952
0.369048
-0.238095
0.428571
0.035714
0.130952
-0.345238
0.142857
-0.178571
-0.416667
-0.178571
-0.238095
-0.297619
-0.178571
0.178571
0.000000
0.154762
-0.238095
-0.119048
0.214286
-0.154762
0.202381
0.130952
-0.250000
0.238095
-0.166667
-0.178571
0.011905
0.273810
-0.095238
0.011905
0.095238
0.035714
0.011905
0.154762
0.083333
-0.059524
-0.214286
0.226190
0.154762
0.333333
-0.023810
0.333333
0.178571
0.750000
0.714286
0.214286
-0.023810
0.273810
0.369048
-0.321429
-0.107143
-0.095238
0.000000
-0.357143
-0.190476
0.250000
0.011905
0.285714
0.047619
0.547619
-0.035714
-0.178571
0.166667
-0.154762
-0.190476
-0.119048
-0.333333
-0.119048
0.547619
0.333333
0.095238
-0.119048
-0.190476
0.130952
-0.119048
-0.011905
0.380952
0.154762
0.726190
0.416667
-0.071429
-0.083333
-0.154762
-0.107143
0.119048
-0.107143
0.297619
-0.107143
-0.297619
0.214286
-0.238095
0.630952
0.119048
0.035714
-0.119048
0.595238
0.083333
0.297619
0.119048
-0.119048
0.297619
-0.130952
-0.321429
0.107143
0.214286
0.285714
0.119048
-0.202381
0.059524
0.261905
-0.083333
0.059524
0.369048
-0.285714
0.035714
-0.011905
0.202381
0.178571
0.119048
0.178571
-0.178571
-0.083333
-0.119048
0.095238
0.226190
0.130952
-0.154762
-0.011905
0.630952
0.083333
0.023810
0.238095
-0.178571
-0.178571
0.071429
0.047619
-0.107143
0.547619
-0.369048
0.226190
-0.190476
0.285714
0.142857
-0.071429
-0.023810
-0.321429
0.142857
-0.130952
0.000000
0.119048
-0.119048
0.214286
-0.059524
0.285714
-0.202381
0.607143
-0.190476
0.095238
-0.154762
0.238095
0.083333
0.178571
0.071429
0.333333
0.059524
0.214286
0.023810
-0.130952
-0.309524
-0.142857
-0.178571
-0.345238
-0.261905
-0.226190
-0.130952
0.583333
0.226190
-0.238095
0.285714
-0.226190
-0.273810
0.107143
-0.142857
0.071429
-0.166667
0.654762
0.273810
0.404762
0.392857
0.202381
-0.154762
-0.011905
-0.119048
0.297619
0.369048
0.059524
0.190476
-0.238095
-0.166667
-0.226190
0.083333
0.011905
-0.404762
0.011905
-0.059524
-0.071429
-0.333333
-0.059524
-0.214286
0.333333
0.250000
-0.392857
0.011905
-0.166667
0.630952
-0.214286
-0.166667
0.023810
-0.083333
-0.202381
-0.107143
0.333333
-0.047619
0.023810
0.321429
-0.011905
-0.059524
0.321429
-0.202381
0.154762
0.178571
-0.071429
0.095238
-0.035714
0.261905
0.011905
-0.321429
-0.309524
0.154762
0.142857
-0.071429
-0.238095
-0.190476
-0.035714
-0.345238
0.380952
-0.321429
0.107143
-0.166667
0.202381
-0.107143
0.047619
0.416667
-0.261905
-0.226190
0.285714
-0.059524
0.285714
0.059524
0.214286
0.107143
0.083333
-0.083333
-0.047619
0.178571
0.261905
0.083333
0.273810
0.500000
-0.154762
-0.285714
-0.142857
-0.250000
0.392857
-0.369048
0.369048
-0.083333
0.500000
0.428571
0.250000
0.035714
0.273810
-0.154762
0.071429
0.023810
0.035714
-0.142857
-0.119048
0.345238
-0.428571
0.464286
-0.154762
0.428571
0.226190
-0.309524
0.214286
-0.321429
-0.250000
0.547619
-0.142857
-0.023810
-0.011905
-0.071429
-0.357143
-0.226190
-0.047619
-0.095238
0.666667
-0.178571
0.000000
0.285714
-0.059524
0.214286
0.273810
0.023810
0.309524
-0.309524
-0.047619
0.047619
0.130952
0.023810
0.511905
0.214286
0.273810
0.047619
0.250000
-0.035714
0.392857
0.000000
-0.023810
0.035714
0.083333
-0.023810
-0.238095
0.178571
0.357143
-0.119048
0.297619
-0.142857
-0.035714
-0.226190
-0.035714
0.047619
0.166667
-0.214286
0.095238
-0.238095
0.214286
-0.285714
0.202381
0.428571
-0.416667
-0.428571
0.011905
-0.202381
0.095238
-0.238095
-0.083333
0.333333
-0.107143
-0.119048
0.464286
0.500000
-0.059524
0.273810
0.083333
0.000000
0.130952
0.023810
-0.011905
-0.095238
0.166667
0.083333
-0.071429
0.273810
0.142857
-0.083333
0.011905
0.333333
-0.178571
0.000000
0.166667
-0.380952
-0.011905
-0.345238
0.011905
0.071429
0.238095
0.000000
0.130952
0.083333
-0.416667
-0.154762
-0.154762
0.107143
0.452381
0.297619
-0.035714
-0.261905
0.083333
-0.011905
-0.119048
-0.083333
-0.428571
0.261905
0.392857
-0.190476
0.166667
0.130952
0.357143
0.047619
0.190476
0.238095
0.273810
0.190476
0.273810
0.261905
-0.083333
0.011905
-0.285714
0.095238
-0.440476
-0.047619
0.035714
-0.059524
-0.226190
-0.202381
0.357143
-0.130952
0.166667
0.238095
0.178571
