0.190476
-0.440476
0.154762
0.190476
0.309524
0.238095
0.202381
0.035714
0.142857
-0.202381
0.511905
0.273810
-0.440476
0.369048
0.142857
0.095238
0.130952
-0.297619
-0.250000
-0.107143
0.285714
0.000000
0.107143
0.023810
0.130952
-0.154762
0.523810
0.369048
0.190476
-0.309524
0.476190
-0.023810
0.142857
-0.107143
0.011905
-0.559524
0.273810
0.285714
0.690476
0.071429
-0.428571
0.238095
0.023810
0.071429
0.321429
0.464286
0.250000
0.107143
0.440476
0.011905
-0.083333
-0.297619
-0.250000
0.178571
-0.119048
0.154762
0.511905
-0.357143
0.214286
-0.261905
0.559524
0.000000
-0.238095
0.285714
0.392857
0.297619
0.059524
-0.404762
0.000000
-0.428571
0.023810
-0.226190
0.130952
-0.190476
0.250000
0.333333
0.011905
-0.226190
0.154762
0.571429
-0.321429
-0.166667
0.357143
0.250000
-0.095238
-0.095238
-0.142857
0.642857
-0.440476
-0.083333
0.166667
0.214286
-0.369048
-0.309524
-0.047619
-0.261905
0.190476
-0.142857
0.154762
-0.166667
0.511905
-0.440476
0.119048
-0.309524
-0.273810
0.416667
-0.166667
-0.202381
0.511905
-0.095238
0.000000
0.071429
0.452381
0.035714
0.285714
0.440476
-0.142857
0.154762
-0.261905
-0.083333
0.559524
-0.035714
-0.321429
-0.392857
-0.416667
-0.309524
0.380952
0.416667
0.297619
0.083333
0.083333
-0.178571
0.202381
0.476190
-0.369048
-0.166667
0.333333
-0.142857
0.190476
-0.166667
-0.476190
0.130952
0.011905
0.107143
0.380952
0.714286
0.226190
-0.297619
0.345238
0.023810
0.369048
0.226190
-0.250000
-0.119048
0.047619
-0.333333
-0.142857
0.107143
-0.047619
-0.440476
0.178571
0.238095
0.071429
0.190476
-0.119048
0.511905
-0.095238
-0.178571
0.321429
0.321429
0.130952
-0.119048
-0.130952
-0.059524
-0.119048
-0.071429
-0.488095
0.297619
0.059524
0.238095
0.154762
-0.011905
0.130952
-0.083333
0.107143
-0.011905
-0.154762
-0.130952
-0.595238
0.428571
0.071429
0.023810
0.095238
0.392857
0.547619
-0.285714
0.202381
0.392857
0.452381
0.107143
0.226190
0.166667
0.154762
-0.095238
0.273810
0.345238
0.321429
0.035714
-0.130952
-0.011905
-0.190476
-0.011905
0.214286
0.285714
0.333333
0.583333
0.369048
-0.107143
0.166667
0.095238
0.214286
0.202381
0.416667
0.071429
0.226190
0.238095
0.166667
0.142857
-0.238095
0.309524
0.011905
-0.226190
0.250000
0.035714
0.130952
0.130952
-0.452381
0.083333
-0.297619
-0.107143
-0.154762
0.535714
0.261905
0.047619
0.071429
0.226190
0.619048
0.059524
0.369048
0.166667
0.345238
0.190476
0.047619
-0.202381
-0.345238
-0.035714
0.297619
0.642857
0.178571
-0.035714
-0.440476
0.357143
0.571429
-0.023810
0.285714
0.214286
0.619048
0.630952
-0.095238
-0.190476
-0.261905
-0.166667
0.071429
-0.250000
-0.119048
-0.297619
-0.130952
-0.190476
0.285714
0.214286
-0.392857
-0.369048
-0.261905
-0.166667
-0.559524
-0.297619
0.238095
-0.273810
0.273810
0.738095
0.523810
-0.190476
0.142857
-0.250000
0.345238
-0.023810
0.428571
0.095238
0.238095
-0.476190
-0.011905
0.071429
-0.345238
0.714286
0.726190
-0.416667
-0.357143
0.297619
0.309524
-0.154762
-0.273810
0.416667
0.392857
0.488095
0.416667
0.369048
0.392857
0.285714
0.309524
0.309524
-0.273810
0.011905
-0.238095
0.107143
-0.154762
0.333333
0.059524
-0.380952
0.440476
0.130952
-0.333333
0.000000
0.416667
-0.178571
0.404762
0.273810
0.178571
0.452381
-0.178571
0.071429
0.071429
0.071429
0.083333
0.428571
0.500000
0.523810
0.500000
0.047619
-0.119048
0.309524
0.619048
0.285714
0.345238
0.297619
0.500000
0.357143
0.285714
0.166667
0.333333
0.333333
0.511905
0.273810
0.214286
0.214286
0.226190
0.571429
0.250000
0.642857
0.547619
0.583333
0.345238
0.250000
-0.464286
-0.190476
-0.333333
0.464286
0.202381
0.392857
0.166667
-0.226190
0.250000
-0.392857
0.130952
0.035714
0.380952
0.404762
0.404762
0.464286
0.488095
0.416667
0.547619
0.059524
0.071429
0.119048
0.083333
0.142857
-0.047619
0.023810
0.238095
0.214286
-0.678571
0.047619
0.285714
-0.011905
0.369048
0.273810
-0.250000
0.404762
0.119048
0.369048
-0.261905
0.023810
-0.440476
-0.166667
0.071429
0.607143
0.428571
0.559524
0.178571
-0.238095
-0.059524
-0.500000
0.011905
-0.107143
0.214286
0.190476
0.607143
0.226190
0.464286
0.619048
-0.500000
0.130952
0.214286
0.285714
-0.071429
0.595238
-0.261905
0.321429
-0.071429
-0.333333
0.321429
0.250000
0.226190
0.238095
0.500000
0.011905
0.214286
0.345238
-0.142857
0.214286
-0.035714
0.166667
0.250000
0.333333
-0.642857
-0.059524
0.119048
-0.321429
-0.321429
-0.428571
-0.369048
0.000000
0.226190
0.071429
0.297619
-0.297619
-0.178571
0.035714
0.285714
-0.154762
0.476190
0.202381
0.047619
0.285714
-0.107143
-0.226190
0.369048
0.369048
0.000000
0.642857
0.428571
0.119048
0.464286
0.202381
-0.416667
0.333333
0.011905
-0.107143
0.285714
0.535714
0.523810
0.202381
-0.035714
0.285714
-0.273810
0.285714
0.380952
0.380952
0.416667
-0.476190
0.000000
0.357143
0.357143
0.083333
-0.083333
0.380952
-0.107143
-0.011905
0.297619
0.023810
0.011905
0.226190
0.190476
0.309524
0.357143
0.035714
0.273810
0.297619
-0.059524
-0.107143
0.142857
0.119048
0.523810
-0.107143
-0.238095
-0.035714
0.309524
0.547619
0.547619
-0.119048
0.023810
0.130952
0.071429
-0.023810
-0.238095
-0.166667
0.142857
-0.261905
0.154762
-0.416667
0.357143
0.583333
0.154762
0.440476
0.214286
-0.142857
-0.452381
0.130952
0.321429
0.166667
-0.130952
-0.142857
-0.392857
0.154762
0.202381
-0.059524
0.095238
-0.369048
0.261905
0.273810
-0.178571
0.285714
0.059524
-0.071429
0.107143
0.166667
0.202381
-0.166667
-0.178571
-0.416667
0.178571
0.250000
0.726190
0.202381
-0.130952
-0.416667
0.154762
0.273810
0.523810
-0.071429
-0.226190
0.095238
0.142857
0.273810
0.476190
0.380952
-0.047619
-0.261905
0.226190
0.250000
-0.202381
0.333333
0.071429
-0.190476
0.202381
0.011905
-0.011905
0.297619
0.535714
0.071429
-0.023810
0.154762
0.464286
0.035714
0.000000
-0.190476
0.321429
0.190476
-0.297619
-0.178571
-0.142857
-0.119048
-0.214286
-0.047619
0.071429
0.607143
-0.023810
-0.011905
0.452381
0.583333
0.190476
0.023810
-0.011905
-0.261905
0.369048
-0.297619
0.000000
0.369048
0.214286
0.583333
-0.166667
-0.107143
0.333333
0.000000
0.000000
0.345238
0.321429
-0.488095
-0.273810
-0.202381
0.273810
-0.059524
0.297619
-0.095238
-0.226190
0.583333
0.738095
0.511905
-0.166667
0.095238
-0.464286
-0.023810
-0.226190
-0.428571
0.083333
-0.321429
0.107143
-0.214286
0.547619
0.130952
0.285714
0.190476
-0.095238
0.250000
-0.035714
-0.166667
-0.345238
0.321429
0.380952
-0.845238
0.357143
0.321429
0.297619
0.130952
0.011905
-0.130952
0.130952
-0.047619
0.047619
0.345238
0.345238
0.035714
0.119048
0.238095
-0.035714
0.166667
0.190476
0.226190
-0.178571
0.345238
-0.154762
-0.392857
0.142857
0.119048
0.226190
0.130952
0.202381
0.476190
0.345238
-0.083333
0.059524
0.297619
0.440476
0.119048
-0.047619
0.226190
0.380952
-0.226190
-0.750000
-0.083333
-0.261905
-0.059524
0.226190
-0.142857
-0.130952
0.095238
0.190476
0.440476
0.130952
0.190476
-0.392857
-0.166667
-0.333333
0.559524
0.202381
0.583333
0.535714
0.000000
0.273810
-0.273810
0.511905
0.047619
0.214286
0.011905
-0.226190
-0.250000
-0.107143
0.119048
0.119048
0.321429
0.071429
-0.404762
0.309524
-0.071429
0.511905
0.380952
0.392857
-0.035714
0.404762
-0.345238
0.000000
-0.404762
0.071429
0.130952
0.023810
-0.452381
0.166667
-0.119048
0.190476
-0.297619
0.452381
-0.285714
-0.047619
-0.321429
0.369048
-0.547619
-0.404762
-0.357143
0.023810
0.130952
0.202381
0.273810
0.250000
0.238095
0.154762
-0.011905
0.214286
-0.214286
-0.107143
0.011905
0.357143
-0.035714
0.119048
0.357143
0.285714
0.214286
0.119048
0.619048
-0.404762
-0.261905
0.190476
-0.226190
-0.119048
0.261905
-0.023810
0.083333
0.130952
0.166667
0.214286
0.261905
0.107143
0.000000
0.309524
0.464286
0.261905
0.095238
-0.178571
0.357143
0.083333
-0.190476
-0.178571
0.047619
0.488095
0.333333
0.416667
0.202381
0.440476
0.166667
0.047619
0.369048
0.535714
0.226190
-0.047619
0.309524
-0.202381
-0.047619
0.500000
0.166667
-0.297619
0.202381
-0.285714
0.011905
-0.047619
0.071429
-0.130952
-0.047619
0.380952
0.071429
0.357143
0.035714
0.309524
0.273810
0.452381
0.559524
-0.119048
-0.154762
0.488095
0.464286
0.190476
0.178571
0.250000
0.345238
0.238095
-0.166667
-0.130952
0.047619
0.380952
0.119048
0.095238
-0.035714
0.154762
0.190476
0.261905
0.214286
-0.369048
0.130952
0.285714
0.000000
0.178571
0.476190
0.488095
0.071429
-0.071429
-0.071429
-0.297619
0.440476
-0.142857
-0.023810
0.321429
-0.464286
-0.416667
-0.107143
-0.071429
0.583333
0.357143
0.178571
0.202381
0.369048
-0.178571
0.488095
0.166667
0.511905
0.511905
-0.119048
0.654762
-0.059524
0.273810
-0.380952
-0.238095
-0.130952
0.583333
0.095238
0.214286
0.095238
0.261905
0.154762
0.261905
0.357143
-0.119048
0.380952
0.107143
-0.154762
-0.071429
0.369048
0.130952
0.321429
-0.261905
0.083333
0.178571
0.011905
-0.261905
-0.178571
0.011905
0.011905
-0.309524
-0.380952
-0.595238
-0.285714
0.190476
0.476190
0.261905
-0.059524
0.476190
0.476190
-0.047619
0.047619
-0.035714
0.357143
-0.202381
0.238095
0.392857
0.297619
0.297619
0.059524
0.071429
0.095238
0.428571
-0.166667
0.023810
0.369048
0.321429
0.738095
0.309524
0.083333
0.285714
-0.297619
0.238095
0.273810
0.261905
-0.345238
-0.023810
-0.095238
0.047619
-0.250000
0.202381
0.416667
0.630952
0.369048
-0.404762
-0.547619
-0.095238
0.392857
-0.011905
0.059524
0.202381
0.142857
-0.214286
-0.226190
-0.190476
-0.119048
-0.321429
-0.119048
-0.464286
-0.440476
0.130952
0.321429
0.250000
0.190476
0.285714
-0.047619
0.202381
0.178571
0.404762
0.345238
-0.083333
-0.023810
0.440476
-0.404762
0.547619
0.190476
0.202381
0.130952
0.321429
0.309524
0.559524
0.190476
-0.059524
0.440476
0.500000
0.309524
-0.392857
0.571429
0.035714
0.404762
-0.678571
-0.285714
0.464286
0.452381
0.404762
-0.452381
0.178571
0.333333
-0.285714
0.523810
0.297619
0.321429
-0.261905
-0.404762
-0.154762
-0.202381
0.083333
0.488095
0.023810
0.452381
